00111100000010000110110001101100
00100001000010000110010101001000
10101100000010000000000000000000
00111100000010000101011100100000
00100001000010000010110001101111
10101100000010000000000000000100
00111100000010000110010001101100
00100001000010000111001001101111
10101100000010000000000000001000
00100000000010000000101000100001
10101100000010000000000000001100
00100000000000100000000000000100
00100000000001000000000000000000
00000000000000000000000000001100
00100000000000100000000000001010
00000000000000000000000000001100